{
 "cells": [
  {
   "cell_type": "code",
   "execution_count": 37,
   "metadata": {},
   "outputs": [],
   "source": [
    "from DFTStructureGenerator.descriptor import (\n",
    "    DUPLICATE_CL_IDS,\n",
    "    build_descriptor_maps,\n",
    "    dataframe_to_descriptors,\n",
    "    load_descriptor_maps,\n",
    "    save_descriptor_maps,\n",
    ")\n",
    "import numpy as np\n",
    "import pandas as pd\n",
    "from DFTStructureGenerator.Build_DataBase import (\n",
    "    B_TYPE_ORDER,\n",
    "    CL_SUBSTRATE_TYPE_ORDER,\n",
    "    LB_TYPE_ORDER,\n",
    "    get_boron_type,\n",
    "    get_cl_substrate_type,\n",
    "    get_lb_type,\n",
    ")\n",
    "from DFTStructureGenerator.project_paths import CSV_DIR, DESCRIPTOR_DIR, FIGURE_DIR, TS_DATA_DIR, repo_path\n",
    "from DFTStructureGenerator.thermochemistry import apply_qharm_component_energies, database_path, load_reaction_dataset\n"
   ]
  },
  {
   "cell_type": "markdown",
   "id": "reviewer-tags",
   "metadata": {},
   "source": [
    "## Reviewer Run Tags\n",
    "\n",
    "- `[REVIEWER-RUNNABLE]`: can be run from files included in this repository, such as CSV, descriptor pickle, ASE database, Parquet, or existing figure inputs. No raw Gaussian working directory is required.\n",
    "- `[RAW-GAUSSIAN/E:/work]`: depends on raw calculation artifacts, Gaussian logs, Mol files, ORCA/Gaussian input-output folders, or the external raw calculation root configured by `BORYLXAT_RAW_CALC_ROOT` (default `E:/work/B_Cl_Nu`). These cells document provenance but are not required for routine review reruns.\n",
    "- `[OPTIONAL-DESCRIPTOR-GENERATION]`: regenerates descriptors from the released database. Reviewers can skip it and use the pre-extracted descriptor pickle files to save time.\n"
   ]
  },
  {
   "cell_type": "code",
   "execution_count": 38,
   "metadata": {},
   "outputs": [
    {
     "name": "stdout",
     "output_type": "stream",
     "text": [
      "The autoreload extension is already loaded. To reload it, use:\n",
      "  %reload_ext autoreload\n"
     ]
    }
   ],
   "source": [
    "%load_ext autoreload\n",
    "%autoreload 2\n"
   ]
  },
  {
   "cell_type": "code",
   "execution_count": 39,
   "metadata": {},
   "outputs": [],
   "source": [
    "from catboost import CatBoostRegressor\n",
    "from sklearn.metrics import mean_absolute_error, mean_squared_error, r2_score\n",
    "from sklearn.model_selection import KFold\n",
    "\n",
    "np.random.seed(0)\n"
   ]
  },
  {
   "cell_type": "code",
   "execution_count": 40,
   "metadata": {},
   "outputs": [],
   "source": [
    "from matplotlib import pyplot as plt\n",
    "from DFTStructureGenerator.draw import (\n",
    "    draw_correlation_map,\n",
    "    plot_scatter_with_metrics,\n",
    ")\n"
   ]
  },
  {
   "cell_type": "code",
   "execution_count": 41,
   "metadata": {},
   "outputs": [],
   "source": [
    "duplicate_Cl_id = DUPLICATE_CL_IDS\n"
   ]
  },
  {
   "cell_type": "code",
   "execution_count": 49,
   "metadata": {},
   "outputs": [
    {
     "name": "stdout",
     "output_type": "stream",
     "text": [
      "Using xTB descriptors\n",
      "Thermochemistry: QHARM\n",
      "Target column: deltaGa_qharm(kcal/mol)\n",
      "Reaction-energy column: deltaG_qharm(kcal/mol)\n",
      "Database: D:\\OneDrive_all\\OneDrive\\Work\\work_part\\22.Borane_Radical_Database\\BorylXAT-DB_qh_update.db\n",
      "BN descriptor path: D:\\OneDrive_all\\OneDrive\\Work\\work_part\\22.Borane_Radical_Database\\Data\\descriptor\\BNdes_xtb.pkl\n",
      "Cl descriptor path: D:\\OneDrive_all\\OneDrive\\Work\\work_part\\22.Borane_Radical_Database\\Data\\descriptor\\Cldes_xtb.pkl\n"
     ]
    }
   ],
   "source": [
    "# Thermochemistry switch: QHARM is the revised default; set False to reproduce the original RRHO analysis.\n",
    "USE_QHARM = True\n",
    "DB_PATH = database_path(USE_QHARM)\n",
    "BARRIER_COLUMN = \"deltaGa_qharm(kcal/mol)\" if USE_QHARM else \"deltaGa(kcal/mol)\"\n",
    "REACTION_ENERGY_COLUMN = \"deltaG_qharm(kcal/mol)\" if USE_QHARM else \"deltaG(kcal/mol)\"\n",
    "BN_CSV_PATH = CSV_DIR / \"reactants_B_N.csv\"\n",
    "CL_CSV_PATH = CSV_DIR / \"reactants_Cl.csv\"\n",
    "\n",
    "# Descriptor source switch. Use \"DFT\" for the original descriptors or \"xTB\" for the cheaper xTB variant.\n",
    "DESCRIPTOR_VARIANT = \"xTB\"\n",
    "\n",
    "DFT_BN_RRHO_DESCRIPTOR_PATH = DESCRIPTOR_DIR / \"BNdes_new2.pkl\"\n",
    "DFT_CL_RRHO_DESCRIPTOR_PATH = DESCRIPTOR_DIR / \"Cldes_new2.pkl\"\n",
    "DFT_BN_QHARM_DESCRIPTOR_PATH = DESCRIPTOR_DIR / \"BNdes_new2_qharm.pkl\"\n",
    "DFT_CL_QHARM_DESCRIPTOR_PATH = DESCRIPTOR_DIR / \"Cldes_new2_qharm.pkl\"\n",
    "_qharm_dft_cache_exists = DFT_BN_QHARM_DESCRIPTOR_PATH.exists() and DFT_CL_QHARM_DESCRIPTOR_PATH.exists()\n",
    "DFT_BN_DESCRIPTOR_PATH = DFT_BN_QHARM_DESCRIPTOR_PATH if USE_QHARM and _qharm_dft_cache_exists else DFT_BN_RRHO_DESCRIPTOR_PATH\n",
    "DFT_CL_DESCRIPTOR_PATH = DFT_CL_QHARM_DESCRIPTOR_PATH if USE_QHARM and _qharm_dft_cache_exists else DFT_CL_RRHO_DESCRIPTOR_PATH\n",
    "DFT_BN_REGENERATED_PATH = DFT_BN_QHARM_DESCRIPTOR_PATH if USE_QHARM else DFT_BN_RRHO_DESCRIPTOR_PATH\n",
    "DFT_CL_REGENERATED_PATH = DFT_CL_QHARM_DESCRIPTOR_PATH if USE_QHARM else DFT_CL_RRHO_DESCRIPTOR_PATH\n",
    "XTB_BN_DESCRIPTOR_PATH = DESCRIPTOR_DIR / \"BNdes_xtb.pkl\"\n",
    "XTB_CL_DESCRIPTOR_PATH = DESCRIPTOR_DIR / \"Cldes_xtb.pkl\"\n",
    "\n",
    "_DESCRIPTOR_PATHS = {\n",
    "    \"DFT\": (DFT_BN_DESCRIPTOR_PATH, DFT_CL_DESCRIPTOR_PATH),\n",
    "    \"xTB\": (XTB_BN_DESCRIPTOR_PATH, XTB_CL_DESCRIPTOR_PATH),\n",
    "}\n",
    "if DESCRIPTOR_VARIANT not in _DESCRIPTOR_PATHS:\n",
    "    raise ValueError(f\"DESCRIPTOR_VARIANT must be one of {list(_DESCRIPTOR_PATHS)}, got {DESCRIPTOR_VARIANT!r}\")\n",
    "\n",
    "BN_DESCRIPTOR_PATH, CL_DESCRIPTOR_PATH = _DESCRIPTOR_PATHS[DESCRIPTOR_VARIANT]\n",
    "\n",
    "FIGURE_DIR.mkdir(parents=True, exist_ok=True)\n",
    "print(f\"Using {DESCRIPTOR_VARIANT} descriptors\")\n",
    "print(\"Thermochemistry:\", \"QHARM\" if USE_QHARM else \"original RRHO\")\n",
    "print(\"Target column:\", BARRIER_COLUMN)\n",
    "print(\"Reaction-energy column:\", REACTION_ENERGY_COLUMN)\n",
    "print(\"Database:\", DB_PATH)\n",
    "print(\"BN descriptor path:\", BN_DESCRIPTOR_PATH)\n",
    "print(\"Cl descriptor path:\", CL_DESCRIPTOR_PATH)\n"
   ]
  },
  {
   "cell_type": "markdown",
   "metadata": {},
   "source": [
    "# Descriptor Generation [OPTIONAL-DESCRIPTOR-GENERATION]\n",
    "\n",
    "Optional provenance/regeneration step. It rebuilds the DFT descriptor pickle files from the selected thermochemistry database. With `USE_QHARM=True`, descriptor entry zero is built from `gibbs_qharm_hartree` and saved to separate `*_qharm.pkl` files. Reviewers can skip these cells and start from **Feature Loading**.\n",
    "\n",
    "This section writes `BNdes_new2_qharm.pkl`/`Cldes_new2_qharm.pkl` in QHARM mode and the historical `BNdes_new2.pkl`/`Cldes_new2.pkl` in RRHO mode. The xTB descriptor files are generated separately by `revision_xtb_export_descriptor_structures.ipynb`.\n"
   ]
  },
  {
   "cell_type": "code",
   "execution_count": null,
   "metadata": {},
   "outputs": [],
   "source": [
    "B_N_des_map, Cl_des_map = build_descriptor_maps(\n",
    "    db_path=DB_PATH,\n",
    "    bn_csv_path=BN_CSV_PATH,\n",
    "    cl_csv_path=CL_CSV_PATH,\n",
    "    duplicate_cl_ids=duplicate_Cl_id,\n",
    "    use_qharm=USE_QHARM,\n",
    ")\n"
   ]
  },
  {
   "cell_type": "code",
   "execution_count": null,
   "metadata": {},
   "outputs": [],
   "source": [
    "save_descriptor_maps(\n",
    "    B_N_des_map,\n",
    "    Cl_des_map,\n",
    "    bn_path=DFT_BN_REGENERATED_PATH,\n",
    "    cl_path=DFT_CL_REGENERATED_PATH,\n",
    ")\n",
    "print(\"Saved regenerated DFT descriptors:\")\n",
    "print(\" \", DFT_BN_REGENERATED_PATH)\n",
    "print(\" \", DFT_CL_REGENERATED_PATH)\n"
   ]
  },
  {
   "cell_type": "markdown",
   "metadata": {},
   "source": [
    "# Feature Loading [REVIEWER-RUNNABLE]\n",
    "\n",
    "Loads the descriptor pickle files selected by `DESCRIPTOR_VARIANT`:\n",
    "\n",
    "- `\"DFT\"`: original DFT descriptors, `Data/descriptor/BNdes_new2.pkl` and `Data/descriptor/Cldes_new2.pkl`\n",
    "- `\"xTB\"`: cheaper xTB descriptors, `Data/descriptor/BNdes_xtb.pkl` and `Data/descriptor/Cldes_xtb.pkl`\n",
    "\n",
    "For xTB, generate the pickle files first with `revision_xtb_export_descriptor_structures.ipynb`.\n"
   ]
  },
  {
   "cell_type": "code",
   "execution_count": 50,
   "metadata": {},
   "outputs": [
    {
     "name": "stdout",
     "output_type": "stream",
     "text": [
      "Loaded xTB descriptors\n",
      "BN entries: 4363; descriptor length: 10\n",
      "Cl entries: 178; descriptor length: 9\n"
     ]
    }
   ],
   "source": [
    "missing_descriptor_paths = [\n",
    "    path for path in [BN_DESCRIPTOR_PATH, CL_DESCRIPTOR_PATH]\n",
    "    if not path.exists()\n",
    "]\n",
    "if missing_descriptor_paths:\n",
    "    missing_text = \"\\n\".join(str(path) for path in missing_descriptor_paths)\n",
    "    raise FileNotFoundError(\n",
    "        f\"Missing {DESCRIPTOR_VARIANT} descriptor pickle file(s):\\n{missing_text}\\n\"\n",
    "        \"For xTB descriptors, run revision_xtb_export_descriptor_structures.ipynb after xTB jobs finish.\"\n",
    "    )\n",
    "\n",
    "B_N_des_map, Cl_des_map = load_descriptor_maps(\n",
    "    bn_path=BN_DESCRIPTOR_PATH,\n",
    "    cl_path=CL_DESCRIPTOR_PATH,\n",
    ")\n",
    "B_N_des_map, Cl_des_map = apply_qharm_component_energies(\n",
    "    B_N_des_map, Cl_des_map, use_qharm=USE_QHARM, db_path=DB_PATH\n",
    ")\n",
    "\n",
    "bn_descriptor_length = len(next(iter(B_N_des_map.values()))) if B_N_des_map else 0\n",
    "cl_descriptor_length = len(next(iter(Cl_des_map.values()))) if Cl_des_map else 0\n",
    "print(f\"Loaded {DESCRIPTOR_VARIANT} descriptors\")\n",
    "print(f\"BN entries: {len(B_N_des_map)}; descriptor length: {bn_descriptor_length}\")\n",
    "print(f\"Cl entries: {len(Cl_des_map)}; descriptor length: {cl_descriptor_length}\")\n"
   ]
  },
  {
   "cell_type": "markdown",
   "metadata": {},
   "source": [
    "# Training Model [REVIEWER-RUNNABLE]\n",
    "\n",
    "Builds the CatBoost feature matrix from released descriptors and the released reaction CSV.\n"
   ]
  },
  {
   "cell_type": "code",
   "execution_count": 53,
   "metadata": {},
   "outputs": [
    {
     "name": "stderr",
     "output_type": "stream",
     "text": [
      "100%|██████████| 8980/8980 [00:00<00:00, 33530.06it/s]"
     ]
    },
    {
     "name": "stdout",
     "output_type": "stream",
     "text": [
      "Feature matrix built from xTB descriptors: (8980, 18)\n"
     ]
    },
    {
     "name": "stderr",
     "output_type": "stream",
     "text": [
      "\n"
     ]
    }
   ],
   "source": [
    "# Combined quantitative features used by the CatBoost barrier model.\n",
    "data_csv = load_reaction_dataset(\n",
    "    TS_DATA_DIR / \"Borane_all.csv\", use_qharm=USE_QHARM, db_path=DB_PATH\n",
    ")\n",
    "y = data_csv[BARRIER_COLUMN].to_numpy()\n",
    "all_X = dataframe_to_descriptors(\n",
    "    data_csv,\n",
    "    B_N_des_map,\n",
    "    Cl_des_map,\n",
    "    duplicate_cl_ids=duplicate_Cl_id,\n",
    "    reaction_energy_column=REACTION_ENERGY_COLUMN,\n",
    ")\n",
    "print(f\"Feature matrix built from {DESCRIPTOR_VARIANT} descriptors: {all_X.shape}\")\n"
   ]
  },
  {
   "cell_type": "code",
   "execution_count": 54,
   "metadata": {},
   "outputs": [
    {
     "data": {
      "text/plain": [
       "(8980, 18)"
      ]
     },
     "execution_count": 54,
     "metadata": {},
     "output_type": "execute_result"
    }
   ],
   "source": [
    "all_X.shape\n"
   ]
  },
  {
   "cell_type": "markdown",
   "metadata": {},
   "source": [
    "# Descriptor Correlation [REVIEWER-RUNNABLE]\n",
    "\n",
    "Uses the loaded descriptors and target values only.\n"
   ]
  },
  {
   "cell_type": "code",
   "execution_count": 55,
   "metadata": {},
   "outputs": [
    {
     "name": "stdout",
     "output_type": "stream",
     "text": [
      "Max correlation:  0.9032403194115979\n"
     ]
    },
    {
     "data": {
      "text/html": [
       "<div>\n",
       "<style scoped>\n",
       "    .dataframe tbody tr th:only-of-type {\n",
       "        vertical-align: middle;\n",
       "    }\n",
       "\n",
       "    .dataframe tbody tr th {\n",
       "        vertical-align: top;\n",
       "    }\n",
       "\n",
       "    .dataframe thead th {\n",
       "        text-align: right;\n",
       "    }\n",
       "</style>\n",
       "<table border=\"1\" class=\"dataframe\">\n",
       "  <thead>\n",
       "    <tr style=\"text-align: right;\">\n",
       "      <th></th>\n",
       "      <th>0</th>\n",
       "      <th>1</th>\n",
       "      <th>2</th>\n",
       "      <th>3</th>\n",
       "      <th>4</th>\n",
       "      <th>5</th>\n",
       "      <th>6</th>\n",
       "      <th>7</th>\n",
       "      <th>8</th>\n",
       "      <th>9</th>\n",
       "      <th>10</th>\n",
       "      <th>11</th>\n",
       "      <th>12</th>\n",
       "      <th>13</th>\n",
       "      <th>14</th>\n",
       "      <th>15</th>\n",
       "      <th>16</th>\n",
       "      <th>17</th>\n",
       "    </tr>\n",
       "  </thead>\n",
       "  <tbody>\n",
       "    <tr>\n",
       "      <th>0</th>\n",
       "      <td>0.717847</td>\n",
       "      <td>0.361853</td>\n",
       "      <td>0.135238</td>\n",
       "      <td>0.288533</td>\n",
       "      <td>0.321980</td>\n",
       "      <td>0.103765</td>\n",
       "      <td>0.115564</td>\n",
       "      <td>0.120658</td>\n",
       "      <td>0.377106</td>\n",
       "      <td>0.024829</td>\n",
       "      <td>0.016012</td>\n",
       "      <td>0.088943</td>\n",
       "      <td>0.085178</td>\n",
       "      <td>0.082647</td>\n",
       "      <td>0.144844</td>\n",
       "      <td>0.255664</td>\n",
       "      <td>0.077485</td>\n",
       "      <td>0.020919</td>\n",
       "    </tr>\n",
       "    <tr>\n",
       "      <th>1</th>\n",
       "      <td>0.361853</td>\n",
       "      <td>0.309478</td>\n",
       "      <td>0.631602</td>\n",
       "      <td>0.612286</td>\n",
       "      <td>0.481359</td>\n",
       "      <td>0.230110</td>\n",
       "      <td>0.022496</td>\n",
       "      <td>0.031903</td>\n",
       "      <td>0.681010</td>\n",
       "      <td>0.036049</td>\n",
       "      <td>0.240990</td>\n",
       "      <td>0.168052</td>\n",
       "      <td>0.013605</td>\n",
       "      <td>0.281022</td>\n",
       "      <td>0.100368</td>\n",
       "      <td>0.241246</td>\n",
       "      <td>0.244581</td>\n",
       "      <td>0.234680</td>\n",
       "    </tr>\n",
       "    <tr>\n",
       "      <th>2</th>\n",
       "      <td>0.135238</td>\n",
       "      <td>0.631602</td>\n",
       "      <td>0.168555</td>\n",
       "      <td>0.306320</td>\n",
       "      <td>0.261328</td>\n",
       "      <td>0.849649</td>\n",
       "      <td>0.103283</td>\n",
       "      <td>0.002239</td>\n",
       "      <td>0.410935</td>\n",
       "      <td>0.093388</td>\n",
       "      <td>0.128655</td>\n",
       "      <td>0.100327</td>\n",
       "      <td>0.021071</td>\n",
       "      <td>0.148374</td>\n",
       "      <td>0.087433</td>\n",
       "      <td>0.155669</td>\n",
       "      <td>0.112803</td>\n",
       "      <td>0.109783</td>\n",
       "    </tr>\n",
       "    <tr>\n",
       "      <th>3</th>\n",
       "      <td>0.288533</td>\n",
       "      <td>0.612286</td>\n",
       "      <td>0.306320</td>\n",
       "      <td>0.232848</td>\n",
       "      <td>0.251306</td>\n",
       "      <td>0.000543</td>\n",
       "      <td>0.253846</td>\n",
       "      <td>0.028573</td>\n",
       "      <td>0.469596</td>\n",
       "      <td>0.217636</td>\n",
       "      <td>0.219441</td>\n",
       "      <td>0.135266</td>\n",
       "      <td>0.023928</td>\n",
       "      <td>0.210814</td>\n",
       "      <td>0.037903</td>\n",
       "      <td>0.132133</td>\n",
       "      <td>0.214046</td>\n",
       "      <td>0.214287</td>\n",
       "    </tr>\n",
       "    <tr>\n",
       "      <th>4</th>\n",
       "      <td>0.321980</td>\n",
       "      <td>0.481359</td>\n",
       "      <td>0.261328</td>\n",
       "      <td>0.251306</td>\n",
       "      <td>0.258949</td>\n",
       "      <td>0.131104</td>\n",
       "      <td>0.657387</td>\n",
       "      <td>0.111197</td>\n",
       "      <td>0.833967</td>\n",
       "      <td>0.135962</td>\n",
       "      <td>0.272774</td>\n",
       "      <td>0.197560</td>\n",
       "      <td>0.061570</td>\n",
       "      <td>0.364826</td>\n",
       "      <td>0.150430</td>\n",
       "      <td>0.308258</td>\n",
       "      <td>0.303716</td>\n",
       "      <td>0.302032</td>\n",
       "    </tr>\n",
       "    <tr>\n",
       "      <th>5</th>\n",
       "      <td>0.103765</td>\n",
       "      <td>0.230110</td>\n",
       "      <td>0.849649</td>\n",
       "      <td>0.000543</td>\n",
       "      <td>0.131104</td>\n",
       "      <td>0.003615</td>\n",
       "      <td>0.018350</td>\n",
       "      <td>0.067615</td>\n",
       "      <td>0.027891</td>\n",
       "      <td>0.088609</td>\n",
       "      <td>0.033012</td>\n",
       "      <td>0.005777</td>\n",
       "      <td>0.039244</td>\n",
       "      <td>0.040773</td>\n",
       "      <td>0.033449</td>\n",
       "      <td>0.009774</td>\n",
       "      <td>0.055120</td>\n",
       "      <td>0.058550</td>\n",
       "    </tr>\n",
       "    <tr>\n",
       "      <th>6</th>\n",
       "      <td>0.115564</td>\n",
       "      <td>0.022496</td>\n",
       "      <td>0.103283</td>\n",
       "      <td>0.253846</td>\n",
       "      <td>0.657387</td>\n",
       "      <td>0.018350</td>\n",
       "      <td>0.102195</td>\n",
       "      <td>0.203426</td>\n",
       "      <td>0.415861</td>\n",
       "      <td>0.093232</td>\n",
       "      <td>0.118359</td>\n",
       "      <td>0.099289</td>\n",
       "      <td>0.039469</td>\n",
       "      <td>0.187198</td>\n",
       "      <td>0.128986</td>\n",
       "      <td>0.189741</td>\n",
       "      <td>0.142331</td>\n",
       "      <td>0.137264</td>\n",
       "    </tr>\n",
       "    <tr>\n",
       "      <th>7</th>\n",
       "      <td>0.120658</td>\n",
       "      <td>0.031903</td>\n",
       "      <td>0.002239</td>\n",
       "      <td>0.028573</td>\n",
       "      <td>0.111197</td>\n",
       "      <td>0.067615</td>\n",
       "      <td>0.203426</td>\n",
       "      <td>0.058563</td>\n",
       "      <td>0.062137</td>\n",
       "      <td>0.108543</td>\n",
       "      <td>0.001958</td>\n",
       "      <td>0.006225</td>\n",
       "      <td>0.025066</td>\n",
       "      <td>0.008961</td>\n",
       "      <td>0.004360</td>\n",
       "      <td>0.000981</td>\n",
       "      <td>0.006819</td>\n",
       "      <td>0.007257</td>\n",
       "    </tr>\n",
       "    <tr>\n",
       "      <th>8</th>\n",
       "      <td>0.377106</td>\n",
       "      <td>0.681010</td>\n",
       "      <td>0.410935</td>\n",
       "      <td>0.469596</td>\n",
       "      <td>0.833967</td>\n",
       "      <td>0.027891</td>\n",
       "      <td>0.415861</td>\n",
       "      <td>0.062137</td>\n",
       "      <td>0.292904</td>\n",
       "      <td>0.089001</td>\n",
       "      <td>0.313294</td>\n",
       "      <td>0.203099</td>\n",
       "      <td>0.024375</td>\n",
       "      <td>0.371963</td>\n",
       "      <td>0.139179</td>\n",
       "      <td>0.302011</td>\n",
       "      <td>0.316050</td>\n",
       "      <td>0.329592</td>\n",
       "    </tr>\n",
       "    <tr>\n",
       "      <th>9</th>\n",
       "      <td>0.024829</td>\n",
       "      <td>0.036049</td>\n",
       "      <td>0.093388</td>\n",
       "      <td>0.217636</td>\n",
       "      <td>0.135962</td>\n",
       "      <td>0.088609</td>\n",
       "      <td>0.093232</td>\n",
       "      <td>0.108543</td>\n",
       "      <td>0.089001</td>\n",
       "      <td>0.078334</td>\n",
       "      <td>0.021680</td>\n",
       "      <td>0.020328</td>\n",
       "      <td>0.014177</td>\n",
       "      <td>0.010486</td>\n",
       "      <td>0.053891</td>\n",
       "      <td>0.031068</td>\n",
       "      <td>0.012856</td>\n",
       "      <td>0.006492</td>\n",
       "    </tr>\n",
       "    <tr>\n",
       "      <th>10</th>\n",
       "      <td>0.016012</td>\n",
       "      <td>0.240990</td>\n",
       "      <td>0.128655</td>\n",
       "      <td>0.219441</td>\n",
       "      <td>0.272774</td>\n",
       "      <td>0.033012</td>\n",
       "      <td>0.118359</td>\n",
       "      <td>0.001958</td>\n",
       "      <td>0.313294</td>\n",
       "      <td>0.021680</td>\n",
       "      <td>0.004811</td>\n",
       "      <td>0.492695</td>\n",
       "      <td>0.646175</td>\n",
       "      <td>0.629786</td>\n",
       "      <td>0.152938</td>\n",
       "      <td>0.307707</td>\n",
       "      <td>0.567779</td>\n",
       "      <td>0.791324</td>\n",
       "    </tr>\n",
       "    <tr>\n",
       "      <th>11</th>\n",
       "      <td>0.088943</td>\n",
       "      <td>0.168052</td>\n",
       "      <td>0.100327</td>\n",
       "      <td>0.135266</td>\n",
       "      <td>0.197560</td>\n",
       "      <td>0.005777</td>\n",
       "      <td>0.099289</td>\n",
       "      <td>0.006225</td>\n",
       "      <td>0.203099</td>\n",
       "      <td>0.020328</td>\n",
       "      <td>0.492695</td>\n",
       "      <td>0.096296</td>\n",
       "      <td>0.062275</td>\n",
       "      <td>0.263264</td>\n",
       "      <td>0.210735</td>\n",
       "      <td>0.276973</td>\n",
       "      <td>0.903240</td>\n",
       "      <td>0.114258</td>\n",
       "    </tr>\n",
       "    <tr>\n",
       "      <th>12</th>\n",
       "      <td>0.085178</td>\n",
       "      <td>0.013605</td>\n",
       "      <td>0.021071</td>\n",
       "      <td>0.023928</td>\n",
       "      <td>0.061570</td>\n",
       "      <td>0.039244</td>\n",
       "      <td>0.039469</td>\n",
       "      <td>0.025066</td>\n",
       "      <td>0.024375</td>\n",
       "      <td>0.014177</td>\n",
       "      <td>0.646175</td>\n",
       "      <td>0.062275</td>\n",
       "      <td>0.190120</td>\n",
       "      <td>0.181140</td>\n",
       "      <td>0.072898</td>\n",
       "      <td>0.050054</td>\n",
       "      <td>0.010331</td>\n",
       "      <td>0.399155</td>\n",
       "    </tr>\n",
       "    <tr>\n",
       "      <th>13</th>\n",
       "      <td>0.082647</td>\n",
       "      <td>0.281022</td>\n",
       "      <td>0.148374</td>\n",
       "      <td>0.210814</td>\n",
       "      <td>0.364826</td>\n",
       "      <td>0.040773</td>\n",
       "      <td>0.187198</td>\n",
       "      <td>0.008961</td>\n",
       "      <td>0.371963</td>\n",
       "      <td>0.010486</td>\n",
       "      <td>0.629786</td>\n",
       "      <td>0.263264</td>\n",
       "      <td>0.181140</td>\n",
       "      <td>0.101978</td>\n",
       "      <td>0.151712</td>\n",
       "      <td>0.672777</td>\n",
       "      <td>0.490353</td>\n",
       "      <td>0.753909</td>\n",
       "    </tr>\n",
       "    <tr>\n",
       "      <th>14</th>\n",
       "      <td>0.144844</td>\n",
       "      <td>0.100368</td>\n",
       "      <td>0.087433</td>\n",
       "      <td>0.037903</td>\n",
       "      <td>0.150430</td>\n",
       "      <td>0.033449</td>\n",
       "      <td>0.128986</td>\n",
       "      <td>0.004360</td>\n",
       "      <td>0.139179</td>\n",
       "      <td>0.053891</td>\n",
       "      <td>0.152938</td>\n",
       "      <td>0.210735</td>\n",
       "      <td>0.072898</td>\n",
       "      <td>0.151712</td>\n",
       "      <td>0.163387</td>\n",
       "      <td>0.283919</td>\n",
       "      <td>0.208595</td>\n",
       "      <td>0.054430</td>\n",
       "    </tr>\n",
       "    <tr>\n",
       "      <th>15</th>\n",
       "      <td>0.255664</td>\n",
       "      <td>0.241246</td>\n",
       "      <td>0.155669</td>\n",
       "      <td>0.132133</td>\n",
       "      <td>0.308258</td>\n",
       "      <td>0.009774</td>\n",
       "      <td>0.189741</td>\n",
       "      <td>0.000981</td>\n",
       "      <td>0.302011</td>\n",
       "      <td>0.031068</td>\n",
       "      <td>0.307707</td>\n",
       "      <td>0.276973</td>\n",
       "      <td>0.050054</td>\n",
       "      <td>0.672777</td>\n",
       "      <td>0.283919</td>\n",
       "      <td>0.131432</td>\n",
       "      <td>0.293543</td>\n",
       "      <td>0.256439</td>\n",
       "    </tr>\n",
       "    <tr>\n",
       "      <th>16</th>\n",
       "      <td>0.077485</td>\n",
       "      <td>0.244581</td>\n",
       "      <td>0.112803</td>\n",
       "      <td>0.214046</td>\n",
       "      <td>0.303716</td>\n",
       "      <td>0.055120</td>\n",
       "      <td>0.142331</td>\n",
       "      <td>0.006819</td>\n",
       "      <td>0.316050</td>\n",
       "      <td>0.012856</td>\n",
       "      <td>0.567779</td>\n",
       "      <td>0.903240</td>\n",
       "      <td>0.010331</td>\n",
       "      <td>0.490353</td>\n",
       "      <td>0.208595</td>\n",
       "      <td>0.293543</td>\n",
       "      <td>0.132152</td>\n",
       "      <td>0.373413</td>\n",
       "    </tr>\n",
       "    <tr>\n",
       "      <th>17</th>\n",
       "      <td>0.020919</td>\n",
       "      <td>0.234680</td>\n",
       "      <td>0.109783</td>\n",
       "      <td>0.214287</td>\n",
       "      <td>0.302032</td>\n",
       "      <td>0.058550</td>\n",
       "      <td>0.137264</td>\n",
       "      <td>0.007257</td>\n",
       "      <td>0.329592</td>\n",
       "      <td>0.006492</td>\n",
       "      <td>0.791324</td>\n",
       "      <td>0.114258</td>\n",
       "      <td>0.399155</td>\n",
       "      <td>0.753909</td>\n",
       "      <td>0.054430</td>\n",
       "      <td>0.256439</td>\n",
       "      <td>0.373413</td>\n",
       "      <td>0.020105</td>\n",
       "    </tr>\n",
       "  </tbody>\n",
       "</table>\n",
       "</div>"
      ],
      "text/plain": [
       "          0         1         2         3         4         5         6   \\\n",
       "0   0.717847  0.361853  0.135238  0.288533  0.321980  0.103765  0.115564   \n",
       "1   0.361853  0.309478  0.631602  0.612286  0.481359  0.230110  0.022496   \n",
       "2   0.135238  0.631602  0.168555  0.306320  0.261328  0.849649  0.103283   \n",
       "3   0.288533  0.612286  0.306320  0.232848  0.251306  0.000543  0.253846   \n",
       "4   0.321980  0.481359  0.261328  0.251306  0.258949  0.131104  0.657387   \n",
       "5   0.103765  0.230110  0.849649  0.000543  0.131104  0.003615  0.018350   \n",
       "6   0.115564  0.022496  0.103283  0.253846  0.657387  0.018350  0.102195   \n",
       "7   0.120658  0.031903  0.002239  0.028573  0.111197  0.067615  0.203426   \n",
       "8   0.377106  0.681010  0.410935  0.469596  0.833967  0.027891  0.415861   \n",
       "9   0.024829  0.036049  0.093388  0.217636  0.135962  0.088609  0.093232   \n",
       "10  0.016012  0.240990  0.128655  0.219441  0.272774  0.033012  0.118359   \n",
       "11  0.088943  0.168052  0.100327  0.135266  0.197560  0.005777  0.099289   \n",
       "12  0.085178  0.013605  0.021071  0.023928  0.061570  0.039244  0.039469   \n",
       "13  0.082647  0.281022  0.148374  0.210814  0.364826  0.040773  0.187198   \n",
       "14  0.144844  0.100368  0.087433  0.037903  0.150430  0.033449  0.128986   \n",
       "15  0.255664  0.241246  0.155669  0.132133  0.308258  0.009774  0.189741   \n",
       "16  0.077485  0.244581  0.112803  0.214046  0.303716  0.055120  0.142331   \n",
       "17  0.020919  0.234680  0.109783  0.214287  0.302032  0.058550  0.137264   \n",
       "\n",
       "          7         8         9         10        11        12        13  \\\n",
       "0   0.120658  0.377106  0.024829  0.016012  0.088943  0.085178  0.082647   \n",
       "1   0.031903  0.681010  0.036049  0.240990  0.168052  0.013605  0.281022   \n",
       "2   0.002239  0.410935  0.093388  0.128655  0.100327  0.021071  0.148374   \n",
       "3   0.028573  0.469596  0.217636  0.219441  0.135266  0.023928  0.210814   \n",
       "4   0.111197  0.833967  0.135962  0.272774  0.197560  0.061570  0.364826   \n",
       "5   0.067615  0.027891  0.088609  0.033012  0.005777  0.039244  0.040773   \n",
       "6   0.203426  0.415861  0.093232  0.118359  0.099289  0.039469  0.187198   \n",
       "7   0.058563  0.062137  0.108543  0.001958  0.006225  0.025066  0.008961   \n",
       "8   0.062137  0.292904  0.089001  0.313294  0.203099  0.024375  0.371963   \n",
       "9   0.108543  0.089001  0.078334  0.021680  0.020328  0.014177  0.010486   \n",
       "10  0.001958  0.313294  0.021680  0.004811  0.492695  0.646175  0.629786   \n",
       "11  0.006225  0.203099  0.020328  0.492695  0.096296  0.062275  0.263264   \n",
       "12  0.025066  0.024375  0.014177  0.646175  0.062275  0.190120  0.181140   \n",
       "13  0.008961  0.371963  0.010486  0.629786  0.263264  0.181140  0.101978   \n",
       "14  0.004360  0.139179  0.053891  0.152938  0.210735  0.072898  0.151712   \n",
       "15  0.000981  0.302011  0.031068  0.307707  0.276973  0.050054  0.672777   \n",
       "16  0.006819  0.316050  0.012856  0.567779  0.903240  0.010331  0.490353   \n",
       "17  0.007257  0.329592  0.006492  0.791324  0.114258  0.399155  0.753909   \n",
       "\n",
       "          14        15        16        17  \n",
       "0   0.144844  0.255664  0.077485  0.020919  \n",
       "1   0.100368  0.241246  0.244581  0.234680  \n",
       "2   0.087433  0.155669  0.112803  0.109783  \n",
       "3   0.037903  0.132133  0.214046  0.214287  \n",
       "4   0.150430  0.308258  0.303716  0.302032  \n",
       "5   0.033449  0.009774  0.055120  0.058550  \n",
       "6   0.128986  0.189741  0.142331  0.137264  \n",
       "7   0.004360  0.000981  0.006819  0.007257  \n",
       "8   0.139179  0.302011  0.316050  0.329592  \n",
       "9   0.053891  0.031068  0.012856  0.006492  \n",
       "10  0.152938  0.307707  0.567779  0.791324  \n",
       "11  0.210735  0.276973  0.903240  0.114258  \n",
       "12  0.072898  0.050054  0.010331  0.399155  \n",
       "13  0.151712  0.672777  0.490353  0.753909  \n",
       "14  0.163387  0.283919  0.208595  0.054430  \n",
       "15  0.283919  0.131432  0.293543  0.256439  \n",
       "16  0.208595  0.293543  0.132152  0.373413  \n",
       "17  0.054430  0.256439  0.373413  0.020105  "
      ]
     },
     "execution_count": 55,
     "metadata": {},
     "output_type": "execute_result"
    },
    {
     "name": "stderr",
     "output_type": "stream",
     "text": [
      "  0%|          | 0/181 [16:53<?, ?it/s]\n"
     ]
    },
    {
     "data": {
