{
 "cells": [
  {
   "cell_type": "code",
   "execution_count": 1,
   "metadata": {},
   "outputs": [],
   "source": [
    "from DFTStructureGenerator.descriptor import (\n",
    "    DUPLICATE_CL_IDS,\n",
    "    build_descriptor_maps,\n",
    "    dataframe_to_descriptors,\n",
    "    load_descriptor_maps,\n",
    "    save_descriptor_maps,\n",
    ")\n",
    "import numpy as np\n",
    "import pandas as pd\n",
    "from DFTStructureGenerator.Build_DataBase import (\n",
    "    B_TYPE_ORDER,\n",
    "    CL_SUBSTRATE_TYPE_ORDER,\n",
    "    LB_TYPE_ORDER,\n",
    "    get_boron_type,\n",
    "    get_cl_substrate_type,\n",
    "    get_lb_type,\n",
    ")\n",
    "from DFTStructureGenerator.project_paths import CSV_DIR, DESCRIPTOR_DIR, FIGURE_DIR, TS_DATA_DIR, repo_path\n"
   ]
  },
  {
   "cell_type": "markdown",
   "id": "reviewer-tags",
   "metadata": {},
   "source": [
    "## Reviewer Run Tags\n",
    "\n",
    "- `[REVIEWER-RUNNABLE]`: can be run from files included in this repository, such as CSV, descriptor pickle, ASE database, Parquet, or existing figure inputs. No raw Gaussian working directory is required.\n",
    "- `[RAW-GAUSSIAN/E:/work]`: depends on raw calculation artifacts, Gaussian logs, Mol files, ORCA/Gaussian input-output folders, or the external raw calculation root configured by `BORYLXAT_RAW_CALC_ROOT` (default `E:/work/B_Cl_Nu`). These cells document provenance but are not required for routine review reruns.\n",
    "- `[OPTIONAL-DESCRIPTOR-GENERATION]`: regenerates descriptors from the released database. Reviewers can skip it and use the pre-extracted descriptor pickle files to save time.\n"
   ]
  },
  {
   "cell_type": "code",
   "execution_count": 2,
   "metadata": {},
   "outputs": [],
   "source": [
    "%load_ext autoreload\n",
    "%autoreload 2\n"
   ]
  },
  {
   "cell_type": "code",
   "execution_count": 3,
   "metadata": {},
   "outputs": [],
   "source": [
    "from catboost import CatBoostRegressor\n",
    "from sklearn.metrics import mean_absolute_error, mean_squared_error, r2_score\n",
    "from sklearn.model_selection import KFold\n",
    "\n",
    "np.random.seed(0)\n"
   ]
  },
  {
   "cell_type": "code",
   "execution_count": 4,
   "metadata": {},
   "outputs": [],
   "source": [
    "from matplotlib import pyplot as plt\n",
    "from DFTStructureGenerator.draw import (\n",
    "    draw_correlation_map,\n",
    "    plot_scatter_with_metrics,\n",
    ")\n"
   ]
  },
  {
   "cell_type": "code",
   "execution_count": 5,
   "metadata": {},
   "outputs": [],
   "source": [
    "duplicate_Cl_id = DUPLICATE_CL_IDS\n"
   ]
  },
  {
   "cell_type": "code",
   "execution_count": 6,
   "metadata": {},
   "outputs": [
    {
     "name": "stdout",
     "output_type": "stream",
     "text": [
      "Using xTB descriptors\n",
      "BN descriptor path: D:\\OneDrive_all\\OneDrive\\Work\\work_part\\22.Borane_Radical_Database\\Data\\descriptor\\BNdes_xtb.pkl\n",
      "Cl descriptor path: D:\\OneDrive_all\\OneDrive\\Work\\work_part\\22.Borane_Radical_Database\\Data\\descriptor\\Cldes_xtb.pkl\n"
     ]
    }
   ],
   "source": [
    "DB_PATH = repo_path(\"BorylXAT-DB.db\")\n",
    "BN_CSV_PATH = CSV_DIR / \"reactants_B_N.csv\"\n",
    "CL_CSV_PATH = CSV_DIR / \"reactants_Cl.csv\"\n",
    "\n",
    "# Descriptor source switch. Use \"DFT\" for the original descriptors or \"xTB\" for the cheaper xTB variant.\n",
    "DESCRIPTOR_VARIANT = \"xTB\"\n",
    "\n",
    "DFT_BN_DESCRIPTOR_PATH = DESCRIPTOR_DIR / \"BNdes_new2.pkl\"\n",
    "DFT_CL_DESCRIPTOR_PATH = DESCRIPTOR_DIR / \"Cldes_new2.pkl\"\n",
    "XTB_BN_DESCRIPTOR_PATH = DESCRIPTOR_DIR / \"BNdes_xtb.pkl\"\n",
    "XTB_CL_DESCRIPTOR_PATH = DESCRIPTOR_DIR / \"Cldes_xtb.pkl\"\n",
    "\n",
    "_DESCRIPTOR_PATHS = {\n",
    "    \"DFT\": (DFT_BN_DESCRIPTOR_PATH, DFT_CL_DESCRIPTOR_PATH),\n",
    "    \"xTB\": (XTB_BN_DESCRIPTOR_PATH, XTB_CL_DESCRIPTOR_PATH),\n",
    "}\n",
    "if DESCRIPTOR_VARIANT not in _DESCRIPTOR_PATHS:\n",
    "    raise ValueError(f\"DESCRIPTOR_VARIANT must be one of {list(_DESCRIPTOR_PATHS)}, got {DESCRIPTOR_VARIANT!r}\")\n",
    "\n",
    "BN_DESCRIPTOR_PATH, CL_DESCRIPTOR_PATH = _DESCRIPTOR_PATHS[DESCRIPTOR_VARIANT]\n",
    "\n",
    "FIGURE_DIR.mkdir(parents=True, exist_ok=True)\n",
    "print(f\"Using {DESCRIPTOR_VARIANT} descriptors\")\n",
    "print(\"BN descriptor path:\", BN_DESCRIPTOR_PATH)\n",
    "print(\"Cl descriptor path:\", CL_DESCRIPTOR_PATH)\n"
   ]
  },
  {
   "cell_type": "markdown",
   "metadata": {},
   "source": [
    "# Descriptor Generation [OPTIONAL-DESCRIPTOR-GENERATION]\n",
    "\n",
    "Optional provenance/regeneration step. It rebuilds the original DFT descriptor pickle files from the released `BorylXAT-DB.db` and CSV tables. Reviewers can skip these cells and start from **Feature Loading** to use the selected descriptor source.\n",
    "\n",
    "This section always writes the DFT descriptor files (`BNdes_new2.pkl`, `Cldes_new2.pkl`). The xTB descriptor files (`BNdes_xtb.pkl`, `Cldes_xtb.pkl`) are generated by `revision_xtb_export_descriptor_structures.ipynb` after xTB jobs finish.\n"
   ]
  },
  {
   "cell_type": "code",
   "execution_count": null,
   "metadata": {},
   "outputs": [],
   "source": [
    "B_N_des_map, Cl_des_map = build_descriptor_maps(\n",
    "    db_path=DB_PATH,\n",
    "    bn_csv_path=BN_CSV_PATH,\n",
    "    cl_csv_path=CL_CSV_PATH,\n",
    "    duplicate_cl_ids=duplicate_Cl_id,\n",
    ")\n"
   ]
  },
  {
   "cell_type": "code",
   "execution_count": null,
   "metadata": {},
   "outputs": [],
   "source": [
    "save_descriptor_maps(\n",
    "    B_N_des_map,\n",
    "    Cl_des_map,\n",
    "    bn_path=DFT_BN_DESCRIPTOR_PATH,\n",
    "    cl_path=DFT_CL_DESCRIPTOR_PATH,\n",
    ")\n",
    "print(\"Saved regenerated DFT descriptors:\")\n",
    "print(\" \", DFT_BN_DESCRIPTOR_PATH)\n",
    "print(\" \", DFT_CL_DESCRIPTOR_PATH)\n"
   ]
  },
  {
   "cell_type": "markdown",
   "metadata": {},
   "source": [
    "# Feature Loading [REVIEWER-RUNNABLE]\n",
    "\n",
    "Loads the descriptor pickle files selected by `DESCRIPTOR_VARIANT`:\n",
    "\n",
    "- `\"DFT\"`: original DFT descriptors, `Data/descriptor/BNdes_new2.pkl` and `Data/descriptor/Cldes_new2.pkl`\n",
    "- `\"xTB\"`: cheaper xTB descriptors, `Data/descriptor/BNdes_xtb.pkl` and `Data/descriptor/Cldes_xtb.pkl`\n",
    "\n",
    "For xTB, generate the pickle files first with `revision_xtb_export_descriptor_structures.ipynb`.\n"
   ]
  },
  {
   "cell_type": "code",
   "execution_count": 7,
   "metadata": {},
   "outputs": [
    {
     "name": "stdout",
     "output_type": "stream",
     "text": [
      "Loaded xTB descriptors\n",
      "BN entries: 4363; descriptor length: 10\n",
      "Cl entries: 178; descriptor length: 9\n"
     ]
    }
   ],
   "source": [
    "missing_descriptor_paths = [\n",
    "    path for path in [BN_DESCRIPTOR_PATH, CL_DESCRIPTOR_PATH]\n",
    "    if not path.exists()\n",
    "]\n",
    "if missing_descriptor_paths:\n",
    "    missing_text = \"\\n\".join(str(path) for path in missing_descriptor_paths)\n",
    "    raise FileNotFoundError(\n",
    "        f\"Missing {DESCRIPTOR_VARIANT} descriptor pickle file(s):\\n{missing_text}\\n\"\n",
    "        \"For xTB descriptors, run revision_xtb_export_descriptor_structures.ipynb after xTB jobs finish.\"\n",
    "    )\n",
    "\n",
    "B_N_des_map, Cl_des_map = load_descriptor_maps(\n",
    "    bn_path=BN_DESCRIPTOR_PATH,\n",
    "    cl_path=CL_DESCRIPTOR_PATH,\n",
    ")\n",
    "\n",
    "bn_descriptor_length = len(next(iter(B_N_des_map.values()))) if B_N_des_map else 0\n",
    "cl_descriptor_length = len(next(iter(Cl_des_map.values()))) if Cl_des_map else 0\n",
    "print(f\"Loaded {DESCRIPTOR_VARIANT} descriptors\")\n",
    "print(f\"BN entries: {len(B_N_des_map)}; descriptor length: {bn_descriptor_length}\")\n",
    "print(f\"Cl entries: {len(Cl_des_map)}; descriptor length: {cl_descriptor_length}\")\n"
   ]
  },
  {
   "cell_type": "markdown",
   "metadata": {},
   "source": [
    "# Training Model [REVIEWER-RUNNABLE]\n",
    "\n",
    "Builds the CatBoost feature matrix from released descriptors and the released reaction CSV.\n"
   ]
  },
  {
   "cell_type": "code",
   "execution_count": 8,
   "metadata": {},
   "outputs": [
    {
     "name": "stderr",
     "output_type": "stream",
     "text": [
      "100%|██████████| 9237/9237 [00:00<00:00, 41425.99it/s]"
     ]
    },
    {
     "name": "stdout",
     "output_type": "stream",
     "text": [
      "Feature matrix built from xTB descriptors: (9237, 18)\n"
     ]
    },
    {
     "name": "stderr",
     "output_type": "stream",
     "text": [
      "\n"
     ]
    }
   ],
   "source": [
    "# Combined quantitative features used by the CatBoost barrier model.\n",
    "data_csv = pd.read_csv(TS_DATA_DIR / \"Borane_all.csv\")\n",
    "y = data_csv[\"deltaGa(kcal/mol)\"].to_numpy()\n",
    "all_Xs = dataframe_to_descriptors(\n",
    "    data_csv,\n",
    "    B_N_des_map,\n",
    "    Cl_des_map,\n",
    "    duplicate_cl_ids=duplicate_Cl_id,\n",
    ")\n",
    "all_X = np.asarray(all_Xs, dtype=float)\n",
    "print(f\"Feature matrix built from {DESCRIPTOR_VARIANT} descriptors: {all_X.shape}\")\n"
   ]
  },
  {
   "cell_type": "code",
   "execution_count": 9,
   "metadata": {},
   "outputs": [
    {
     "data": {
      "text/plain": [
       "(9237, 18)"
      ]
     },
     "execution_count": 9,
     "metadata": {},
     "output_type": "execute_result"
    }
   ],
   "source": [
    "all_X.shape\n"
   ]
  },
  {
   "cell_type": "markdown",
   "metadata": {},
   "source": [
    "# Descriptor Correlation [REVIEWER-RUNNABLE]\n",
    "\n",
    "Uses the loaded descriptors and target values only.\n"
   ]
  },
  {
   "cell_type": "code",
   "execution_count": 10,
   "metadata": {},
   "outputs": [
    {
     "name": "stdout",
     "output_type": "stream",
     "text": [
      "Max correlation:  0.9027180342849\n"
     ]
    },
    {
     "data": {
      "text/html": [
       "<div>\n",
       "<style scoped>\n",
       "    .dataframe tbody tr th:only-of-type {\n",
       "        vertical-align: middle;\n",
       "    }\n",
       "\n",
       "    .dataframe tbody tr th {\n",
       "        vertical-align: top;\n",
       "    }\n",
       "\n",
       "    .dataframe thead th {\n",
       "        text-align: right;\n",
       "    }\n",
       "</style>\n",
       "<table border=\"1\" class=\"dataframe\">\n",
       "  <thead>\n",
       "    <tr style=\"text-align: right;\">\n",
       "      <th></th>\n",
       "      <th>0</th>\n",
       "      <th>1</th>\n",
       "      <th>2</th>\n",
       "      <th>3</th>\n",
       "      <th>4</th>\n",
       "      <th>5</th>\n",
       "      <th>6</th>\n",
       "      <th>7</th>\n",
       "      <th>8</th>\n",
       "      <th>9</th>\n",
       "      <th>10</th>\n",
       "      <th>11</th>\n",
       "      <th>12</th>\n",
       "      <th>13</th>\n",
       "      <th>14</th>\n",
       "      <th>15</th>\n",
       "      <th>16</th>\n",
       "      <th>17</th>\n",
       "    </tr>\n",
       "  </thead>\n",
       "  <tbody>\n",
       "    <tr>\n",
       "      <th>0</th>\n",
       "      <td>0.651769</td>\n",
       "      <td>0.598156</td>\n",
       "      <td>0.341007</td>\n",
       "      <td>0.470438</td>\n",
       "      <td>0.417478</td>\n",
       "      <td>0.022686</td>\n",
       "      <td>0.030252</td>\n",
       "      <td>0.071282</td>\n",
       "      <td>0.545418</td>\n",
       "      <td>0.064639</td>\n",
       "      <td>0.004160</td>\n",
       "      <td>0.104556</td>\n",
       "      <td>0.134884</td>\n",
       "      <td>0.132955</td>\n",
       "      <td>0.073003</td>\n",
       "      <td>0.246831</td>\n",
       "      <td>0.115687</td>\n",
       "      <td>0.012027</td>\n",
       "    </tr>\n",
       "    <tr>\n",
       "      <th>1</th>\n",
       "      <td>0.598156</td>\n",
       "      <td>0.438303</td>\n",
       "      <td>0.631371</td>\n",
       "      <td>0.610327</td>\n",
       "      <td>0.473708</td>\n",
       "      <td>0.230473</td>\n",
       "      <td>0.021579</td>\n",
       "      <td>0.031353</td>\n",
       "      <td>0.677476</td>\n",
       "      <td>0.035375</td>\n",
       "      <td>0.233130</td>\n",
       "      <td>0.163833</td>\n",
       "      <td>0.013748</td>\n",
       "      <td>0.272778</td>\n",
       "      <td>0.096050</td>\n",
       "      <td>0.235707</td>\n",
       "      <td>0.238430</td>\n",
       "      <td>0.227160</td>\n",
       "    </tr>\n",
       "    <tr>\n",
       "      <th>2</th>\n",
       "      <td>0.341007</td>\n",
       "      <td>0.631371</td>\n",
       "      <td>0.269017</td>\n",
       "      <td>0.305073</td>\n",
       "      <td>0.258051</td>\n",
       "      <td>0.849817</td>\n",
       "      <td>0.103446</td>\n",
       "      <td>0.005004</td>\n",
       "      <td>0.409038</td>\n",
       "      <td>0.094123</td>\n",
       "      <td>0.123643</td>\n",
       "      <td>0.097108</td>\n",
       "      <td>0.017462</td>\n",
       "      <td>0.145061</td>\n",
       "      <td>0.083043</td>\n",
       "      <td>0.155859</td>\n",
       "      <td>0.109869</td>\n",
       "      <td>0.106562</td>\n",
       "    </tr>\n",
       "    <tr>\n",
       "      <th>3</th>\n",
       "      <td>0.470438</td>\n",
       "      <td>0.610327</td>\n",
       "      <td>0.305073</td>\n",
       "      <td>0.356532</td>\n",
       "      <td>0.245729</td>\n",
       "      <td>0.000929</td>\n",
       "      <td>0.256869</td>\n",
       "      <td>0.030788</td>\n",
       "      <td>0.467592</td>\n",
       "      <td>0.216390</td>\n",
       "      <td>0.210841</td>\n",
       "      <td>0.131220</td>\n",
       "      <td>0.023594</td>\n",
       "      <td>0.201469</td>\n",
       "      <td>0.034379</td>\n",
       "      <td>0.128073</td>\n",
       "      <td>0.207758</td>\n",
       "      <td>0.206575</td>\n",
       "    </tr>\n",
       "    <tr>\n",
       "      <th>4</th>\n",
       "      <td>0.417478</td>\n",
       "      <td>0.473708</td>\n",
       "      <td>0.258051</td>\n",
       "      <td>0.245729</td>\n",
       "      <td>0.342767</td>\n",
       "      <td>0.132146</td>\n",
       "      <td>0.661098</td>\n",
       "      <td>0.107348</td>\n",
       "      <td>0.833486</td>\n",
       "      <td>0.140991</td>\n",
       "      <td>0.259906</td>\n",
       "      <td>0.192764</td>\n",
       "      <td>0.060897</td>\n",
       "      <td>0.346398</td>\n",
       "      <td>0.143332</td>\n",
       "      <td>0.295512</td>\n",
       "      <td>0.294039</td>\n",
       "      <td>0.288610</td>\n",
       "    </tr>\n",
       "    <tr>\n",
       "      <th>5</th>\n",
       "      <td>0.022686</td>\n",
       "      <td>0.230473</td>\n",
       "      <td>0.849817</td>\n",
       "      <td>0.000929</td>\n",
       "      <td>0.132146</td>\n",
       "      <td>0.029922</td>\n",
       "      <td>0.015950</td>\n",
       "      <td>0.071123</td>\n",
       "      <td>0.029452</td>\n",
       "      <td>0.087792</td>\n",
       "      <td>0.032520</td>\n",
       "      <td>0.006354</td>\n",
       "      <td>0.034250</td>\n",
       "      <td>0.036468</td>\n",
       "      <td>0.031333</td>\n",
       "      <td>0.015283</td>\n",
       "      <td>0.053092</td>\n",
       "      <td>0.055783</td>\n",
       "    </tr>\n",
       "    <tr>\n",
       "      <th>6</th>\n",
       "      <td>0.030252</td>\n",
       "      <td>0.021579</td>\n",
       "      <td>0.103446</td>\n",
       "      <td>0.256869</td>\n",
       "      <td>0.661098</td>\n",
       "      <td>0.015950</td>\n",
       "      <td>0.105851</td>\n",
       "      <td>0.195100</td>\n",
       "      <td>0.418455</td>\n",
       "      <td>0.096023</td>\n",
       "      <td>0.112064</td>\n",
       "      <td>0.097286</td>\n",
       "      <td>0.040732</td>\n",
       "      <td>0.177616</td>\n",
       "      <td>0.123906</td>\n",
       "      <td>0.181479</td>\n",
       "      <td>0.137982</td>\n",
       "      <td>0.131079</td>\n",
       "    </tr>\n",
       "    <tr>\n",
       "      <th>7</th>\n",
       "      <td>0.071282</td>\n",
       "      <td>0.031353</td>\n",
       "      <td>0.005004</td>\n",
       "      <td>0.030788</td>\n",
       "      <td>0.107348</td>\n",
       "      <td>0.071123</td>\n",
       "      <td>0.195100</td>\n",
       "      <td>0.045695</td>\n",
       "      <td>0.058507</td>\n",
       "      <td>0.106572</td>\n",
       "      <td>0.002105</td>\n",
       "      <td>0.006286</td>\n",
       "      <td>0.023582</td>\n",
       "      <td>0.007623</td>\n",
       "      <td>0.003201</td>\n",
       "      <td>0.002711</td>\n",
       "      <td>0.007323</td>\n",
       "      <td>0.008960</td>\n",
       "    </tr>\n",
       "    <tr>\n",
       "      <th>8</th>\n",
       "      <td>0.545418</td>\n",
       "      <td>0.677476</td>\n",
       "      <td>0.409038</td>\n",
       "      <td>0.467592</td>\n",
       "      <td>0.833486</td>\n",
       "      <td>0.029452</td>\n",
       "      <td>0.418455</td>\n",
       "      <td>0.058507</td>\n",
       "      <td>0.420014</td>\n",
       "      <td>0.093359</td>\n",
       "      <td>0.301951</td>\n",
       "      <td>0.197583</td>\n",
       "      <td>0.022307</td>\n",
       "      <td>0.356773</td>\n",
       "      <td>0.132283</td>\n",
       "      <td>0.290720</td>\n",
       "      <td>0.306654</td>\n",
       "      <td>0.318151</td>\n",
       "    </tr>\n",
       "    <tr>\n",
       "      <th>9</th>\n",
       "      <td>0.064639</td>\n",
       "      <td>0.035375</td>\n",
       "      <td>0.094123</td>\n",
       "      <td>0.216390</td>\n",
       "      <td>0.140991</td>\n",
       "      <td>0.087792</td>\n",
       "      <td>0.096023</td>\n",
       "      <td>0.106572</td>\n",
       "      <td>0.093359</td>\n",
       "      <td>0.039076</td>\n",
       "      <td>0.016133</td>\n",
       "      <td>0.018843</td>\n",
       "      <td>0.007916</td>\n",
       "      <td>0.014768</td>\n",
       "      <td>0.058215</td>\n",
       "      <td>0.031336</td>\n",
       "      <td>0.011171</td>\n",
       "      <td>0.009707</td>\n",
       "    </tr>\n",
       "    <tr>\n",
       "      <th>10</th>\n",
       "      <td>0.004160</td>\n",
       "      <td>0.233130</td>\n",
       "      <td>0.123643</td>\n",
       "      <td>0.210841</td>\n",
       "      <td>0.259906</td>\n",
       "      <td>0.032520</td>\n",
       "      <td>0.112064</td>\n",
       "      <td>0.002105</td>\n",
       "      <td>0.301951</td>\n",
       "      <td>0.016133</td>\n",
       "      <td>0.070852</td>\n",
       "      <td>0.482359</td>\n",
       "      <td>0.648674</td>\n",
       "      <td>0.633324</td>\n",
       "      <td>0.165692</td>\n",
       "      <td>0.306259</td>\n",
       "      <td>0.559571</td>\n",
       "      <td>0.792947</td>\n",
       "    </tr>\n",
       "    <tr>\n",
       "      <th>11</th>\n",
       "      <td>0.104556</td>\n",
       "      <td>0.163833</td>\n",
       "      <td>0.097108</td>\n",
       "      <td>0.131220</td>\n",
       "      <td>0.192764</td>\n",
       "      <td>0.006354</td>\n",
       "      <td>0.097286</td>\n",
       "      <td>0.006286</td>\n",
       "      <td>0.197583</td>\n",
       "      <td>0.018843</td>\n",
       "      <td>0.482359</td>\n",
       "      <td>0.089029</td>\n",
       "      <td>0.050713</td>\n",
       "      <td>0.259843</td>\n",
       "      <td>0.211505</td>\n",
       "      <td>0.278610</td>\n",
       "      <td>0.902718</td>\n",
       "      <td>0.108059</td>\n",
       "    </tr>\n",
       "    <tr>\n",
       "      <th>12</th>\n",
       "      <td>0.134884</td>\n",
       "      <td>0.013748</td>\n",
       "      <td>0.017462</td>\n",
       "      <td>0.023594</td>\n",
       "      <td>0.060897</td>\n",
       "      <td>0.034250</td>\n",
       "      <td>0.040732</td>\n",
       "      <td>0.023582</td>\n",
       "      <td>0.022307</td>\n",
       "      <td>0.007916</td>\n",
       "      <td>0.648674</td>\n",
       "      <td>0.050713</td>\n",
       "      <td>0.157942</td>\n",
       "      <td>0.193968</td>\n",
       "      <td>0.082445</td>\n",
       "      <td>0.050216</td>\n",
       "      <td>0.017269</td>\n",
       "      <td>0.405011</td>\n",
       "    </tr>\n",
       "    <tr>\n",
       "      <th>13</th>\n",
       "      <td>0.132955</td>\n",
       "      <td>0.272778</td>\n",
       "      <td>0.145061</td>\n",
       "      <td>0.201469</td>\n",
       "      <td>0.346398</td>\n",
       "      <td>0.036468</td>\n",
       "      <td>0.177616</td>\n",
       "      <td>0.007623</td>\n",
       "      <td>0.356773</td>\n",
       "      <td>0.014768</td>\n",
       "      <td>0.633324</td>\n",
       "      <td>0.259843</td>\n",
       "      <td>0.193968</td>\n",
       "      <td>0.015832</td>\n",
       "      <td>0.158871</td>\n",
       "      <td>0.670300</td>\n",
       "      <td>0.486524</td>\n",
       "      <td>0.749944</td>\n",
       "    </tr>\n",
       "    <tr>\n",
       "      <th>14</th>\n",
       "      <td>0.073003</td>\n",
       "      <td>0.096050</td>\n",
       "      <td>0.083043</td>\n",
       "      <td>0.034379</td>\n",
       "      <td>0.143332</td>\n",
       "      <td>0.031333</td>\n",
       "      <td>0.123906</td>\n",
       "      <td>0.003201</td>\n",
       "      <td>0.132283</td>\n",
       "      <td>0.058215</td>\n",
       "      <td>0.165692</td>\n",
       "      <td>0.211505</td>\n",
       "      <td>0.082445</td>\n",
       "      <td>0.158871</td>\n",
       "      <td>0.081594</td>\n",
       "      <td>0.281788</td>\n",
       "      <td>0.210306</td>\n",
       "      <td>0.064344</td>\n",
       "    </tr>\n",
       "    <tr>\n",
       "      <th>15</th>\n",
       "      <td>0.246831</td>\n",
       "      <td>0.235707</td>\n",
       "      <td>0.155859</td>\n",
       "      <td>0.128073</td>\n",
       "      <td>0.295512</td>\n",
       "      <td>0.015283</td>\n",
       "      <td>0.181479</td>\n",
       "      <td>0.002711</td>\n",
       "      <td>0.290720</td>\n",
       "      <td>0.031336</td>\n",
       "      <td>0.306259</td>\n",
       "      <td>0.278610</td>\n",
       "      <td>0.050216</td>\n",
       "      <td>0.670300</td>\n",
       "      <td>0.281788</td>\n",
       "      <td>0.037600</td>\n",
       "      <td>0.295201</td>\n",
       "      <td>0.251231</td>\n",
       "    </tr>\n",
       "    <tr>\n",
       "      <th>16</th>\n",
       "      <td>0.115687</td>\n",
       "      <td>0.238430</td>\n",
       "      <td>0.109869</td>\n",
       "      <td>0.207758</td>\n",
       "      <td>0.294039</td>\n",
       "      <td>0.053092</td>\n",
       "      <td>0.137982</td>\n",
       "      <td>0.007323</td>\n",
       "      <td>0.306654</td>\n",
       "      <td>0.011171</td>\n",
       "      <td>0.559571</td>\n",
       "      <td>0.902718</td>\n",
       "      <td>0.017269</td>\n",
       "      <td>0.486524</td>\n",
       "      <td>0.210306</td>\n",
       "      <td>0.295201</td>\n",
       "      <td>0.062251</td>\n",
       "      <td>0.367911</td>\n",
       "    </tr>\n",
       "    <tr>\n",
       "      <th>17</th>\n",
       "      <td>0.012027</td>\n",
       "      <td>0.227160</td>\n",
       "      <td>0.106562</td>\n",
       "      <td>0.206575</td>\n",
       "      <td>0.288610</td>\n",
       "      <td>0.055783</td>\n",
       "      <td>0.131079</td>\n",
       "      <td>0.008960</td>\n",
       "      <td>0.318151</td>\n",
       "      <td>0.009707</td>\n",
       "      <td>0.792947</td>\n",
       "      <td>0.108059</td>\n",
       "      <td>0.405011</td>\n",
       "      <td>0.749944</td>\n",
       "      <td>0.064344</td>\n",
       "      <td>0.251231</td>\n",
       "      <td>0.367911</td>\n",
       "      <td>0.096405</td>\n",
       "    </tr>\n",
       "  </tbody>\n",
       "</table>\n",
       "</div>"
      ],
      "text/plain": [
       "          0         1         2         3         4         5         6   \\\n",
       "0   0.651769  0.598156  0.341007  0.470438  0.417478  0.022686  0.030252   \n",
       "1   0.598156  0.438303  0.631371  0.610327  0.473708  0.230473  0.021579   \n",
       "2   0.341007  0.631371  0.269017  0.305073  0.258051  0.849817  0.103446   \n",
       "3   0.470438  0.610327  0.305073  0.356532  0.245729  0.000929  0.256869   \n",
       "4   0.417478  0.473708  0.258051  0.245729  0.342767  0.132146  0.661098   \n",
       "5   0.022686  0.230473  0.849817  0.000929  0.132146  0.029922  0.015950   \n",
       "6   0.030252  0.021579  0.103446  0.256869  0.661098  0.015950  0.105851   \n",
       "7   0.071282  0.031353  0.005004  0.030788  0.107348  0.071123  0.195100   \n",
       "8   0.545418  0.677476  0.409038  0.467592  0.833486  0.029452  0.418455   \n",
       "9   0.064639  0.035375  0.094123  0.216390  0.140991  0.087792  0.096023   \n",
       "10  0.004160  0.233130  0.123643  0.210841  0.259906  0.032520  0.112064   \n",
       "11  0.104556  0.163833  0.097108  0.131220  0.192764  0.006354  0.097286   \n",
       "12  0.134884  0.013748  0.017462  0.023594  0.060897  0.034250  0.040732   \n",
       "13  0.132955  0.272778  0.145061  0.201469  0.346398  0.036468  0.177616   \n",
       "14  0.073003  0.096050  0.083043  0.034379  0.143332  0.031333  0.123906   \n",
       "15  0.246831  0.235707  0.155859  0.128073  0.295512  0.015283  0.181479   \n",
       "16  0.115687  0.238430  0.109869  0.207758  0.294039  0.053092  0.137982   \n",
       "17  0.012027  0.227160  0.106562  0.206575  0.288610  0.055783  0.131079   \n",
       "\n",
       "          7         8         9         10        11        12        13  \\\n",
       "0   0.071282  0.545418  0.064639  0.004160  0.104556  0.134884  0.132955   \n",
       "1   0.031353  0.677476  0.035375  0.233130  0.163833  0.013748  0.272778   \n",
       "2   0.005004  0.409038  0.094123  0.123643  0.097108  0.017462  0.145061   \n",
       "3   0.030788  0.467592  0.216390  0.210841  0.131220  0.023594  0.201469   \n",
       "4   0.107348  0.833486  0.140991  0.259906  0.192764  0.060897  0.346398   \n",
       "5   0.071123  0.029452  0.087792  0.032520  0.006354  0.034250  0.036468   \n",
       "6   0.195100  0.418455  0.096023  0.112064  0.097286  0.040732  0.177616   \n",
       "7   0.045695  0.058507  0.106572  0.002105  0.006286  0.023582  0.007623   \n",
       "8   0.058507  0.420014  0.093359  0.301951  0.197583  0.022307  0.356773   \n",
       "9   0.106572  0.093359  0.039076  0.016133  0.018843  0.007916  0.014768   \n",
       "10  0.002105  0.301951  0.016133  0.070852  0.482359  0.648674  0.633324   \n",
       "11  0.006286  0.197583  0.018843  0.482359  0.089029  0.050713  0.259843   \n",
       "12  0.023582  0.022307  0.007916  0.648674  0.050713  0.157942  0.193968   \n",
       "13  0.007623  0.356773  0.014768  0.633324  0.259843  0.193968  0.015832   \n",
       "14  0.003201  0.132283  0.058215  0.165692  0.211505  0.082445  0.158871   \n",
       "15  0.002711  0.290720  0.031336  0.306259  0.278610  0.050216  0.670300   \n",
       "16  0.007323  0.306654  0.011171  0.559571  0.902718  0.017269  0.486524   \n",
       "17  0.008960  0.318151  0.009707  0.792947  0.108059  0.405011  0.749944   \n",
       "\n",
       "          14        15        16        17  \n",
       "0   0.073003  0.246831  0.115687  0.012027  \n",
       "1   0.096050  0.235707  0.238430  0.227160  \n",
       "2   0.083043  0.155859  0.109869  0.106562  \n",
       "3   0.034379  0.128073  0.207758  0.206575  \n",
       "4   0.143332  0.295512  0.294039  0.288610  \n",
       "5   0.031333  0.015283  0.053092  0.055783  \n",
       "6   0.123906  0.181479  0.137982  0.131079  \n",
       "7   0.003201  0.002711  0.007323  0.008960  \n",
       "8   0.132283  0.290720  0.306654  0.318151  \n",
       "9   0.058215  0.031336  0.011171  0.009707  \n",
       "10  0.165692  0.306259  0.559571  0.792947  \n",
       "11  0.211505  0.278610  0.902718  0.108059  \n",
       "12  0.082445  0.050216  0.017269  0.405011  \n",
       "13  0.158871  0.670300  0.486524  0.749944  \n",
       "14  0.081594  0.281788  0.210306  0.064344  \n",
       "15  0.281788  0.037600  0.295201  0.251231  \n",
       "16  0.210306  0.295201  0.062251  0.367911  \n",
       "17  0.064344  0.251231  0.367911  0.096405  "
      ]
     },
     "execution_count": 10,
     "metadata": {},
     "output_type": "execute_result"
    },
    {
     "data": {
